450 594
1 2 6845
2 3 7460
3 4 5763
4 5 5612
5 6 8285
6 7 3389
7 8 9616
8 9 6883
9 10 668
10 11 7420
11 12 912
12 13 1101
13 14 945
14 15 8185
15 16 2776
16 17 2363
17 18 9814
18 19 7590
19 20 6870
20 21 5899
21 22 6014
22 23 9710
23 24 8327
24 25 198
25 26 1539
26 27 4092
27 28 441
28 29 2539
29 30 8626
30 31 5777
31 32 7227
32 33 1929
33 34 9056
34 35 2286
35 36 9239
36 37 6847
37 38 8817
38 39 5954
39 40 1395
40 41 6918
41 42 7400
42 43 9477
43 44 1066
44 45 9764
45 46 9821
46 47 7877
47 48 3149
48 49 6017
49 50 4814
50 51 7095
51 52 542
52 53 6642
53 54 5253
54 55 1163
55 56 8189
56 57 3500
57 58 3308
58 59 9942
59 60 9323
60 61 8333
61 62 4007
62 63 6689
63 64 1402
64 65 4829
65 66 3949
66 67 3589
67 68 1967
68 69 8353
69 70 7997
70 71 5547
71 72 4356
72 73 5982
73 74 4576
74 75 3864
75 76 4730
76 77 1703
77 78 5290
78 79 5691
79 80 5207
80 81 7092
81 82 6968
82 83 9330
83 84 1318
84 85 9421
85 86 8183
86 87 4537
87 88 5746
88 89 3744
89 90 4023
90 91 9089
91 92 3312
92 93 3191
93 94 83
94 95 5947
95 96 5708
96 97 6847
97 98 9221
98 99 4959
99 100 1859
100 101 975
101 102 7362
102 103 9093
103 104 9445
104 105 1440
105 106 9622
106 107 4646
107 108 3072
108 109 347
109 110 8345
110 111 3219
111 112 5376
112 113 4852
113 114 69
114 115 4292
115 116 9297
116 117 1474
117 118 7530
118 119 2798
119 120 5215
120 121 9013
121 122 3084
122 123 2550
123 124 8371
124 125 1384
125 126 6561
126 127 8008
127 128 5370
128 129 7955
129 130 6843
130 131 4722
131 132 4807
132 133 7544
133 134 2215
134 135 4624
135 136 3210
136 137 3849
137 138 7953
138 139 6515
139 140 5749
140 141 6665
141 142 4636
142 143 9346
143 144 5850
144 145 5995
145 146 7947
146 147 8247
147 148 4704
148 149 9221
149 150 5853
150 151 1050
151 152 8881
152 153 2311
153 154 8205
154 155 3746
155 156 5883
156 157 8981
157 158 383
158 159 7241
159 160 6442
160 161 7700
161 162 9743
162 163 2127
163 164 4351
164 165 977
165 166 1144
166 167 6342
167 168 5912
168 169 7568
169 170 5089
170 171 3697
171 172 198
172 173 989
173 174 8597
174 175 3021
175 176 6751
176 177 9084
177 178 5954
178 179 5931
179 180 3102
180 181 2578
181 182 9760
182 183 9937
183 184 5014
184 185 3236
185 186 1881
186 187 1233
187 188 6069
188 189 8450
189 190 5144
190 191 7279
191 192 2665
192 193 4565
193 194 2042
194 195 6391
195 196 8194
196 197 5076
197 198 1717
198 199 884
199 200 7456
200 201 4528
201 202 6263
202 203 3595
203 204 1562
204 205 2146
205 206 8097
206 207 9500
207 208 4808
208 209 8797
209 210 1602
210 211 5197
211 212 4192
212 213 2034
213 214 4729
214 215 6931
215 216 8683
216 217 3064
217 218 6140
218 219 2367
219 220 5127
220 221 9031
221 222 9153
222 223 3313
223 224 56
224 225 6420
225 226 3942
226 227 3282
227 228 6735
228 229 4024
229 230 1279
230 231 5208
231 232 2178
232 233 4012
233 234 6781
234 235 633
235 236 2828
236 237 6618
237 238 8293
238 239 8782
239 240 8462
240 241 7992
241 242 2770
242 243 1436
243 244 8886
244 245 3491
245 246 3845
246 247 1838
247 248 4335
248 249 7018
249 250 9306
250 251 1604
251 252 7387
252 253 613
253 254 4182
254 255 7053
255 256 6224
256 257 9922
257 258 718
258 259 8099
259 260 6865
260 261 8204
261 262 2233
262 263 7115
263 264 1335
264 265 813
265 266 5730
266 267 5636
267 268 1705
268 269 9145
269 270 27
270 271 5075
271 272 925
272 273 3410
273 274 46
274 275 4351
275 276 8980
276 277 3774
277 278 5587
278 279 3356
279 280 923
280 281 7860
281 282 1034
282 283 5654
283 284 2161
284 285 1135
285 286 9798
286 287 4041
287 288 5979
288 289 8563
289 290 5529
290 291 3134
291 292 5027
292 293 9618
293 294 5477
294 295 7833
295 296 5085
296 297 5269
297 298 8011
298 299 9248
299 300 9873
300 301 3516
301 302 9749
302 303 1337
303 304 1886
304 305 3860
305 306 6579
306 307 4316
307 308 7352
308 309 2709
309 310 9098
310 311 124
311 312 8843
312 313 6725
313 314 9448
314 315 1120
315 316 8527
316 317 731
317 318 6461
318 319 7857
319 320 1805
320 321 2230
321 322 5436
322 323 5724
323 324 7671
324 325 3861
325 326 8263
326 327 1039
327 328 438
328 329 18
329 330 3126
330 331 3924
331 332 9184
332 333 7163
333 334 1660
334 335 5746
335 336 5175
336 337 4202
337 338 19
338 339 8685
339 340 1917
340 341 4570
341 342 3812
342 343 3224
343 344 2013
344 345 4474
345 346 4281
346 347 5848
347 348 9311
348 349 9720
349 350 4279
350 351 9989
351 352 4639
352 353 5178
353 354 5782
354 355 6454
355 356 8819
356 357 5516
357 358 2326
358 359 7777
359 360 7790
360 361 5890
361 362 8476
362 363 5187
363 364 6609
364 365 2945
365 366 7330
366 367 1506
367 368 4912
368 369 8834
369 370 8449
370 371 8124
371 372 1816
372 373 7074
373 374 293
374 375 9645
375 376 5034
376 377 4776
377 378 1183
378 379 9967
379 380 701
380 381 1795
381 382 1155
382 383 1478
383 384 8908
384 385 8934
385 386 2002
386 387 7159
387 388 1528
388 389 3818
389 390 7165
390 391 3737
391 392 8237
392 393 4468
393 394 8593
394 395 3747
395 396 9721
396 397 6989
397 398 4280
398 399 8172
399 400 8580
400 401 1647
401 402 4241
402 403 8821
403 404 7887
404 405 2742
405 406 7421
406 407 2236
407 408 1625
408 409 7478
409 410 3826
410 411 4052
411 412 1469
412 413 6601
413 414 5710
414 415 6920
415 416 3456
416 417 864
417 418 1238
418 419 5681
419 420 3678
420 421 9654
421 422 4903
422 423 1244
423 424 2659
424 425 4064
425 426 8739
426 427 1480
427 428 9262
428 429 1737
429 430 4910
430 431 6820
431 432 7984
432 433 4281
433 434 4761
434 435 3583
435 436 9106
436 437 8076
437 438 4090
438 439 4389
439 440 8609
440 441 6139
441 442 5307
442 443 9158
443 444 3750
444 445 5103
445 446 8379
446 447 4269
447 448 8850
448 449 4591
449 450 6858
3 216 9281
4 55 5040
5 43 1126
11 277 9619
15 393 2662
21 62 7205
22 410 5741
29 180 9366
30 241 6606
33 296 4234
36 389 295
43 256 2159
45 216 5586
46 270 7567
48 303 4771
53 389 2355
58 444 9072
59 79 621
61 159 5080
80 180 7865
81 214 3379
82 132 5933
84 145 9290
89 234 7195
90 123 2324
94 305 5553
96 351 4403
97 127 7084
101 382 2651
106 301 6248
107 350 3711
111 257 8129
112 267 5010
113 422 4099
116 274 9376
117 439 9708
120 330 269
126 237 758
129 291 7172
130 159 7945
134 188 6604
138 368 2460
139 347 9272
142 147 2451
143 209 4447
144 364 3851
148 305 795
149 405 6408
151 276 9056
154 305 9219
155 249 1970
156 381 6128
168 220 1052
172 274 818
181 272 6630
190 295 4376
194 333 3571
197 274 4802
201 436 2122
202 409 629
203 259 460
205 248 7399
207 214 810
208 439 396
211 420 1657
220 406 8752
222 444 2053
225 249 7850
227 382 5829
230 297 3859
232 431 6861
233 421 2367
235 391 9074
241 328 6295
244 274 6675
245 277 6832
246 312 5911
248 391 2054
251 379 3589
253 422 4609
255 443 1786
256 417 2624
259 289 1388
263 404 8830
264 385 1181
265 377 8688
268 315 8034
269 271 5236
281 305 8346
284 340 6041
285 300 2873
287 406 7215
289 305 7299
294 352 2372
299 315 2950
300 339 2950
302 321 3154
310 314 5833
314 408 9556
317 370 4233
320 400 7147
322 403 1627
323 333 2485
325 425 9711
328 358 2370
335 409 9415
339 428 5600
342 402 148
349 362 5733
352 426 6732
353 425 3013
358 396 7515
359 429 8151
361 404 5219
362 387 4599
363 395 7250
364 419 8141
366 374 1745
368 426 9686
371 377 5712
375 396 8346
377 393 405
381 447 7872
382 414 5794
387 390 2179
392 395 4332
393 406 693
394 405 1581
395 447 1908
398 421 6237
399 412 9865
400 420 7146
402 410 7999
406 408 4097
409 429 5491
417 422 9654
421 439 9307
422 436 7508
425 443 3365
427 444 42
430 449 3607
432 444 2009
442 447 8143
446 449 1873
447 450 4948
