350 462
1 2 6289
2 3 3364
3 4 4950
4 5 5956
5 6 4630
6 7 2009
7 8 1387
8 9 7097
9 10 1198
10 11 7755
11 12 9930
12 13 1532
13 14 5500
14 15 2328
15 16 6903
16 17 6087
17 18 746
18 19 5688
19 20 313
20 21 7296
21 22 976
22 23 4738
23 24 2649
24 25 53
25 26 8840
26 27 4256
27 28 3796
28 29 470
29 30 6148
30 31 642
31 32 904
32 33 2930
33 34 2804
34 35 5459
35 36 9331
36 37 6605
37 38 9009
38 39 9882
39 40 2225
40 41 5831
41 42 6742
42 43 4271
43 44 7798
44 45 8200
45 46 40
46 47 4743
47 48 7542
48 49 5788
49 50 4155
50 51 730
51 52 9303
52 53 5939
53 54 4069
54 55 2302
55 56 9772
56 57 6339
57 58 4719
58 59 7082
59 60 7134
60 61 5119
61 62 7229
62 63 4413
63 64 5668
64 65 436
65 66 6227
66 67 2227
67 68 5264
68 69 8477
69 70 3591
70 71 9353
71 72 2243
72 73 6874
73 74 7925
74 75 1791
75 76 2507
76 77 5793
77 78 5817
78 79 6117
79 80 3659
80 81 6130
81 82 2061
82 83 709
83 84 976
84 85 789
85 86 153
86 87 3235
87 88 176
88 89 3289
89 90 5054
90 91 6494
91 92 956
92 93 7914
93 94 7960
94 95 1364
95 96 4622
96 97 6798
97 98 7968
98 99 3938
99 100 2798
100 101 8456
101 102 8584
102 103 3682
103 104 1479
104 105 363
105 106 5013
106 107 2142
107 108 6253
108 109 7437
109 110 3628
110 111 3107
111 112 4728
112 113 7417
113 114 1907
114 115 2730
115 116 1666
116 117 2252
117 118 2554
118 119 8458
119 120 4748
120 121 6174
121 122 2701
122 123 3146
123 124 3655
124 125 1413
125 126 756
126 127 62
127 128 9718
128 129 9311
129 130 6295
130 131 138
131 132 1663
132 133 3872
133 134 1380
134 135 4169
135 136 4555
136 137 8339
137 138 4565
138 139 681
139 140 1916
140 141 4361
141 142 5387
142 143 8052
143 144 1567
144 145 8030
145 146 5964
146 147 9866
147 148 7843
148 149 4161
149 150 314
150 151 7389
151 152 4561
152 153 3335
153 154 7105
154 155 1295
155 156 8368
156 157 7736
157 158 8253
158 159 9746
159 160 8509
160 161 6531
161 162 1898
162 163 3374
163 164 6455
164 165 108
165 166 7540
166 167 2467
167 168 8448
168 169 5643
169 170 6133
170 171 4693
171 172 7588
172 173 6592
173 174 9102
174 175 3354
175 176 7804
176 177 3737
177 178 1415
178 179 902
179 180 8689
180 181 7812
181 182 1196
182 183 2675
183 184 9917
184 185 8515
185 186 2956
186 187 6084
187 188 6692
188 189 7494
189 190 4766
190 191 2200
191 192 6025
192 193 7473
193 194 9609
194 195 6805
195 196 9131
196 197 8893
197 198 4035
198 199 1746
199 200 9650
200 201 541
201 202 1861
202 203 4661
203 204 466
204 205 2175
205 206 4683
206 207 2129
207 208 5739
208 209 7378
209 210 6293
210 211 6568
211 212 1193
212 213 219
213 214 4472
214 215 3884
215 216 2079
216 217 7930
217 218 9220
218 219 6177
219 220 2693
220 221 8512
221 222 8215
222 223 2091
223 224 6242
224 225 8664
225 226 9468
226 227 2647
227 228 4832
228 229 3575
229 230 4200
230 231 9858
231 232 7904
232 233 2660
233 234 9646
234 235 6618
235 236 6421
236 237 6712
237 238 4577
238 239 5240
239 240 886
240 241 1573
241 242 1695
242 243 3634
243 244 8315
244 245 6304
245 246 179
246 247 5797
247 248 9197
248 249 2216
249 250 2488
250 251 8230
251 252 5845
252 253 4771
253 254 6599
254 255 2775
255 256 4172
256 257 3739
257 258 607
258 259 9387
259 260 3533
260 261 6815
261 262 5756
262 263 205
263 264 8216
264 265 2440
265 266 8375
266 267 18
267 268 4264
268 269 7869
269 270 2438
270 271 1578
271 272 6345
272 273 8284
273 274 9670
274 275 4443
275 276 3525
276 277 492
277 278 1038
278 279 3093
279 280 8804
280 281 7011
281 282 1631
282 283 802
283 284 7810
284 285 8282
285 286 516
286 287 3802
287 288 3893
288 289 6691
289 290 7430
290 291 815
291 292 3366
292 293 7850
293 294 4642
294 295 3593
295 296 6446
296 297 4175
297 298 4258
298 299 1742
299 300 4908
300 301 8523
301 302 1549
302 303 7040
303 304 7706
304 305 5772
305 306 4172
306 307 7385
307 308 3927
308 309 2796
309 310 2157
310 311 9925
311 312 4101
312 313 178
313 314 5428
314 315 8457
315 316 3146
316 317 1197
317 318 9980
318 319 9046
319 320 8202
320 321 5836
321 322 1576
322 323 8146
323 324 4185
324 325 320
325 326 6860
326 327 1744
327 328 4720
328 329 4959
329 330 7422
330 331 5270
331 332 361
332 333 2633
333 334 5296
334 335 8661
335 336 6025
336 337 181
337 338 8693
338 339 3261
339 340 3727
340 341 1230
341 342 2825
342 343 9932
343 344 2472
344 345 7141
345 346 6920
346 347 4788
347 348 1595
348 349 9982
349 350 2158
3 31 4121
4 106 6182
5 283 7044
7 203 3752
8 14 6533
9 277 4537
21 28 9639
23 41 9623
25 336 7352
28 334 9582
29 180 5361
31 253 3984
32 303 2899
35 228 8860
36 286 1819
38 322 4680
42 301 7212
43 186 4701
44 252 2418
46 329 9551
49 338 4542
55 304 929
56 144 9956
57 134 4651
59 181 3845
60 280 7251
64 83 2262
69 185 7222
70 219 7202
79 148 660
80 230 1220
81 135 1334
87 165 9614
93 322 2133
96 238 6625
97 203 6969
99 239 8819
100 139 9050
101 298 3735
103 270 6415
105 119 8024
115 347 4016
116 315 5808
119 244 1286
127 177 8592
128 266 7605
129 200 153
131 214 3070
133 194 2349
135 307 5175
140 198 7311
142 198 5607
144 248 4813
148 251 9746
152 243 4899
155 258 2319
161 292 8982
164 240 5342
171 304 3872
173 332 8115
176 303 8146
179 224 6417
186 334 7968
187 316 623
190 239 7386
194 262 9084
195 331 8555
197 229 3719
200 318 1067
204 328 340
207 321 7659
213 285 2382
214 279 6418
216 251 6059
217 282 25
219 307 259
220 309 1871
223 314 1917
228 334 489
241 343 4493
244 286 2875
247 295 9044
249 259 9132
250 311 3000
251 335 5736
256 334 7155
258 345 6448
263 319 4633
268 326 6674
269 299 5455
271 348 2435
281 339 3709
283 342 9762
287 345 2132
292 345 2863
295 346 2217
298 343 8846
299 325 5754
300 337 2808
302 321 2540
305 317 4109
310 339 1865
312 321 162
323 348 7988
325 338 3157
327 330 9778
331 346 7564
334 345 6436
338 350 7422
340 344 2348
345 347 469
346 350 6040
348 350 672
