400 526
1 2 362
2 3 75
3 4 7051
4 5 1775
5 6 6990
6 7 7450
7 8 8861
8 9 2942
9 10 7486
10 11 7901
11 12 3318
12 13 6611
13 14 8728
14 15 7514
15 16 8177
16 17 4673
17 18 6986
18 19 2838
19 20 2431
20 21 1855
21 22 9990
22 23 7033
23 24 8235
24 25 1967
25 26 1345
26 27 7858
27 28 4640
28 29 8764
29 30 87
30 31 5346
31 32 6707
32 33 9114
33 34 6304
34 35 4703
35 36 5165
36 37 9855
37 38 5696
38 39 3911
39 40 8555
40 41 1343
41 42 6497
42 43 3866
43 44 4810
44 45 8954
45 46 6201
46 47 8916
47 48 6936
48 49 3974
49 50 5114
50 51 8470
51 52 5818
52 53 1128
53 54 1501
54 55 6048
55 56 2010
56 57 8169
57 58 9561
58 59 1983
59 60 7521
60 61 455
61 62 6262
62 63 911
63 64 561
64 65 9869
65 66 9864
66 67 3613
67 68 2449
68 69 1765
69 70 6157
70 71 6941
71 72 2820
72 73 7096
73 74 6949
74 75 6653
75 76 8319
76 77 7161
77 78 5991
78 79 3138
79 80 1006
80 81 8481
81 82 5134
82 83 1954
83 84 2321
84 85 4360
85 86 85
86 87 8735
87 88 1124
88 89 5991
89 90 7917
90 91 4795
91 92 9900
92 93 349
93 94 8295
94 95 5693
95 96 4318
96 97 854
97 98 6046
98 99 8808
99 100 9021
100 101 8282
101 102 9026
102 103 9175
103 104 9198
104 105 4962
105 106 8328
106 107 2436
107 108 6009
108 109 4828
109 110 1902
110 111 8714
111 112 5580
112 113 6778
113 114 201
114 115 1518
115 116 1365
116 117 4286
117 118 2705
118 119 8358
119 120 1000
120 121 1088
121 122 8271
122 123 6626
123 124 9121
124 125 8097
125 126 8433
126 127 2248
127 128 5003
128 129 9642
129 130 2392
130 131 8404
131 132 7769
132 133 5649
133 134 1886
134 135 6621
135 136 8389
136 137 4542
137 138 9890
138 139 3172
139 140 7740
140 141 4604
141 142 9581
142 143 1100
143 144 1508
144 145 1041
145 146 3371
146 147 5315
147 148 3007
148 149 4023
149 150 5417
150 151 9599
151 152 2570
152 153 9391
153 154 4362
154 155 5014
155 156 9390
156 157 944
157 158 51
158 159 9165
159 160 2190
160 161 2866
161 162 6650
162 163 4198
163 164 267
164 165 4580
165 166 4738
166 167 3315
167 168 4007
168 169 5986
169 170 5840
170 171 2908
171 172 3998
172 173 6525
173 174 1304
174 175 3457
175 176 8991
176 177 1401
177 178 1655
178 179 5686
179 180 2258
180 181 9762
181 182 8974
182 183 9836
183 184 1745
184 185 8188
185 186 8720
186 187 9258
187 188 8198
188 189 9069
189 190 253
190 191 3348
191 192 8529
192 193 4717
193 194 6934
194 195 8446
195 196 2965
196 197 3752
197 198 9837
198 199 2482
199 200 7739
200 201 8578
201 202 1531
202 203 3342
203 204 5074
204 205 8773
205 206 1795
206 207 8288
207 208 643
208 209 8595
209 210 4472
210 211 1660
211 212 4143
212 213 3781
213 214 2893
214 215 709
215 216 6509
216 217 2665
217 218 3289
218 219 7913
219 220 3951
220 221 1932
221 222 2808
222 223 4812
223 224 6202
224 225 8660
225 226 9901
226 227 5416
227 228 3818
228 229 4945
229 230 4359
230 231 3724
231 232 3170
232 233 5678
233 234 7030
234 235 6639
235 236 7494
236 237 8761
237 238 7929
238 239 2920
239 240 6995
240 241 8045
241 242 547
242 243 5459
243 244 9233
244 245 7523
245 246 2202
246 247 8329
247 248 6594
248 249 5457
249 250 5579
250 251 9284
251 252 5041
252 253 2080
253 254 6954
254 255 4870
255 256 8213
256 257 5042
257 258 9004
258 259 8963
259 260 8488
260 261 6172
261 262 7291
262 263 82
263 264 7734
264 265 4988
265 266 6242
266 267 9604
267 268 4066
268 269 883
269 270 5025
270 271 3579
271 272 2254
272 273 9970
273 274 3313
274 275 2919
275 276 426
276 277 7891
277 278 9526
278 279 6818
279 280 8905
280 281 9246
281 282 214
282 283 4755
283 284 584
284 285 5012
285 286 3723
286 287 9596
287 288 4375
288 289 6637
289 290 1174
290 291 6867
291 292 7521
292 293 3514
293 294 7773
294 295 7142
295 296 1868
296 297 9016
297 298 8083
298 299 9974
299 300 8761
300 301 1115
301 302 9100
302 303 8683
303 304 8070
304 305 9284
305 306 6758
306 307 5770
307 308 7694
308 309 7301
309 310 6649
310 311 6504
311 312 1128
312 313 3302
313 314 1402
314 315 1388
315 316 1074
316 317 1152
317 318 4499
318 319 2129
319 320 6540
320 321 6607
321 322 5377
322 323 3602
323 324 1486
324 325 1960
325 326 6898
326 327 8447
327 328 3372
328 329 9454
329 330 2651
330 331 3228
331 332 5924
332 333 2447
333 334 4741
334 335 8214
335 336 4146
336 337 6570
337 338 3660
338 339 7465
339 340 1115
340 341 9490
341 342 6809
342 343 1010
343 344 6935
344 345 393
345 346 8603
346 347 6670
347 348 2026
348 349 7876
349 350 6246
350 351 4762
351 352 8493
352 353 7588
353 354 282
354 355 2787
355 356 6786
356 357 9670
357 358 7146
358 359 983
359 360 1177
360 361 9179
361 362 660
362 363 1904
363 364 8711
364 365 8734
365 366 4607
366 367 4174
367 368 3688
368 369 1203
369 370 5326
370 371 7650
371 372 7406
372 373 7544
373 374 7368
374 375 1837
375 376 5854
376 377 8490
377 378 6361
378 379 9240
379 380 6670
380 381 1681
381 382 2630
382 383 545
383 384 4327
384 385 7759
385 386 800
386 387 1105
387 388 1822
388 389 7986
389 390 4716
390 391 5423
391 392 3365
392 393 4095
393 394 6062
394 395 2197
395 396 1881
396 397 6411
397 398 9783
398 399 9564
399 400 6913
2 142 2719
4 240 8605
7 11 119
8 109 7116
10 48 3798
12 103 7501
13 130 1789
15 100 3380
18 32 9927
28 206 1377
37 217 3853
38 216 7422
41 170 2909
42 301 3208
44 362 1910
51 319 6460
52 378 7399
57 261 6649
58 384 1808
69 332 9032
72 75 6173
74 102 1113
77 192 9793
78 227 1645
79 305 6543
84 170 94
87 174 8622
95 310 3608
96 131 753
98 367 3106
102 318 4018
103 234 4201
111 223 4667
115 312 8881
119 232 2406
129 241 2389
130 333 3875
135 328 18
138 277 5761
139 325 7812
142 276 1751
144 270 4411
146 367 7099
152 226 3786
154 228 7513
156 327 8317
157 186 1130
158 245 5308
159 361 8916
160 211 6100
163 219 3059
167 313 917
170 224 5131
171 344 3589
172 368 5023
175 347 6140
183 359 1190
184 382 9863
187 206 6052
188 379 1536
193 200 9497
198 367 6675
199 300 2357
204 222 3864
207 310 2799
213 352 2393
216 224 9787
225 347 5393
226 312 9500
232 326 3165
234 392 8813
235 387 6846
238 328 1558
241 375 5925
243 368 3085
245 286 5268
246 361 588
249 336 9079
259 368 3814
260 309 9422
261 330 9712
262 280 1699
278 379 5902
281 382 2263
282 332 2099
284 383 7641
287 292 6838
288 347 4765
289 320 2514
293 382 8166
295 387 6276
296 306 8219
299 309 6800
300 348 1903
301 339 8279
305 393 2447
309 375 256
310 394 8556
319 352 9042
320 400 2051
321 382 704
322 391 5507
323 355 5431
324 346 1114
331 347 317
332 381 6919
336 343 8330
342 375 4916
343 393 1046
344 364 2033
345 388 9173
347 368 6850
349 399 1284
362 373 6268
363 395 2463
365 379 4296
370 392 3097
372 397 495
373 379 6625
374 391 9297
375 397 1463
376 392 4384
377 389 636
380 391 8094
382 388 546
383 395 1639
395 398 9062
