500 670
1 2 7136
2 3 363
3 4 7299
4 5 310
5 6 2843
6 7 2818
7 8 6089
8 9 4718
9 10 2163
10 11 1621
11 12 3549
12 13 7151
13 14 4736
14 15 5575
15 16 3939
16 17 6150
17 18 1162
18 19 3959
19 20 1013
20 21 3327
21 22 9651
22 23 7311
23 24 6527
24 25 6674
25 26 9113
26 27 6289
27 28 2898
28 29 1757
29 30 4192
30 31 5968
31 32 6582
32 33 6884
33 34 6461
34 35 3979
35 36 4166
36 37 2124
37 38 1245
38 39 9942
39 40 906
40 41 3236
41 42 5751
42 43 860
43 44 5393
44 45 7108
45 46 4455
46 47 1220
47 48 6268
48 49 4451
49 50 5303
50 51 4439
51 52 607
52 53 293
53 54 9710
54 55 1406
55 56 8791
56 57 3741
57 58 811
58 59 7690
59 60 9022
60 61 6072
61 62 2610
62 63 3154
63 64 5203
64 65 4730
65 66 9389
66 67 4197
67 68 7227
68 69 2406
69 70 3802
70 71 1660
71 72 613
72 73 4140
73 74 3260
74 75 6150
75 76 3301
76 77 3207
77 78 9048
78 79 9098
79 80 852
80 81 6293
81 82 8037
82 83 4029
83 84 5128
84 85 8974
85 86 9084
86 87 7630
87 88 8606
88 89 2593
89 90 7048
90 91 2634
91 92 7312
92 93 411
93 94 663
94 95 2580
95 96 9933
96 97 6837
97 98 9422
98 99 2344
99 100 9445
100 101 8155
101 102 1489
102 103 7067
103 104 4649
104 105 4949
105 106 5505
106 107 4818
107 108 710
108 109 4582
109 110 8863
110 111 9636
111 112 7850
112 113 4728
113 114 5111
114 115 4779
115 116 8925
116 117 1714
117 118 7110
118 119 1264
119 120 7918
120 121 5690
121 122 697
122 123 7245
123 124 9894
124 125 2612
125 126 6965
126 127 821
127 128 439
128 129 1040
129 130 463
130 131 6380
131 132 9077
132 133 784
133 134 3119
134 135 2420
135 136 8057
136 137 3563
137 138 9780
138 139 2734
139 140 5781
140 141 5343
141 142 8200
142 143 969
143 144 1487
144 145 8054
145 146 5513
146 147 9650
147 148 1065
148 149 9311
149 150 857
150 151 4800
151 152 1318
152 153 4751
153 154 6936
154 155 213
155 156 1986
156 157 6380
157 158 6766
158 159 6723
159 160 5493
160 161 8207
161 162 1861
162 163 9618
163 164 1842
164 165 9622
165 166 5687
166 167 7819
167 168 6671
168 169 7633
169 170 1362
170 171 1424
171 172 1849
172 173 9155
173 174 3581
174 175 7567
175 176 6104
176 177 2477
177 178 3446
178 179 7723
179 180 2295
180 181 2045
181 182 8161
182 183 4149
183 184 7639
184 185 8858
185 186 7901
186 187 6562
187 188 2800
188 189 3172
189 190 6782
190 191 8307
191 192 592
192 193 6628
193 194 2029
194 195 2587
195 196 5912
196 197 7759
197 198 7921
198 199 6276
199 200 3592
200 201 5333
201 202 6257
202 203 9331
203 204 678
204 205 6327
205 206 7273
206 207 1989
207 208 9516
208 209 5761
209 210 4808
210 211 4561
211 212 4479
212 213 9905
213 214 8585
214 215 4977
215 216 5528
216 217 746
217 218 2891
218 219 8179
219 220 8769
220 221 3248
221 222 4452
222 223 8439
223 224 7519
224 225 8258
225 226 922
226 227 7330
227 228 5717
228 229 4165
229 230 4342
230 231 4759
231 232 7345
232 233 4487
233 234 6884
234 235 8876
235 236 4668
236 237 2606
237 238 5726
238 239 7946
239 240 1728
240 241 2437
241 242 3241
242 243 4954
243 244 6162
244 245 4888
245 246 4900
246 247 6248
247 248 8771
248 249 611
249 250 68
250 251 2419
251 252 7104
252 253 7006
253 254 1105
254 255 257
255 256 3473
256 257 1232
257 258 4979
258 259 9263
259 260 1348
260 261 9497
261 262 8666
262 263 5901
263 264 2403
264 265 5950
265 266 1585
266 267 7221
267 268 6210
268 269 2621
269 270 2991
270 271 6485
271 272 9663
272 273 6747
273 274 1011
274 275 8795
275 276 4793
276 277 5690
277 278 596
278 279 8176
279 280 4118
280 281 162
281 282 9339
282 283 7406
283 284 4965
284 285 331
285 286 3346
286 287 7512
287 288 5275
288 289 1078
289 290 103
290 291 7247
291 292 9921
292 293 8104
293 294 2238
294 295 5914
295 296 6666
296 297 2815
297 298 367
298 299 5239
299 300 9619
300 301 8908
301 302 9004
302 303 3318
303 304 1121
304 305 8732
305 306 5019
306 307 5889
307 308 5398
308 309 7759
309 310 6561
310 311 5547
311 312 4116
312 313 3249
313 314 5450
314 315 8832
315 316 3869
316 317 4649
317 318 7146
318 319 8860
319 320 5083
320 321 7098
321 322 9186
322 323 3751
323 324 6084
324 325 6927
325 326 4930
326 327 3943
327 328 3759
328 329 3497
329 330 6886
330 331 2120
331 332 3882
332 333 727
333 334 5191
334 335 5789
335 336 4815
336 337 5924
337 338 7704
338 339 4063
339 340 1735
340 341 1137
341 342 7708
342 343 8300
343 344 4950
344 345 5261
345 346 5879
346 347 4194
347 348 1871
348 349 2201
349 350 8072
350 351 2632
351 352 489
352 353 6781
353 354 3316
354 355 8704
355 356 1877
356 357 2070
357 358 781
358 359 7090
359 360 6175
360 361 7258
361 362 2825
362 363 9365
363 364 5668
364 365 8510
365 366 3478
366 367 1722
367 368 8484
368 369 9090
369 370 3911
370 371 1355
371 372 3176
372 373 6279
373 374 5296
374 375 6837
375 376 8745
376 377 6201
377 378 5596
378 379 2589
379 380 9737
380 381 2360
381 382 8815
382 383 4071
383 384 9095
384 385 2129
385 386 3956
386 387 3499
387 388 2114
388 389 8399
389 390 5465
390 391 1966
391 392 1679
392 393 674
393 394 388
394 395 2777
395 396 2610
396 397 8506
397 398 161
398 399 5247
399 400 5603
400 401 2812
401 402 3714
402 403 1460
403 404 1064
404 405 658
405 406 5220
406 407 589
407 408 3855
408 409 5332
409 410 8843
410 411 6689
411 412 5247
412 413 7305
413 414 7369
414 415 2555
415 416 3589
416 417 2598
417 418 2233
418 419 5342
419 420 4857
420 421 8456
421 422 7150
422 423 2675
423 424 5110
424 425 7849
425 426 1204
426 427 4359
427 428 6495
428 429 2956
429 430 9867
430 431 934
431 432 6172
432 433 7147
433 434 108
434 435 3409
435 436 9340
436 437 517
437 438 4975
438 439 1882
439 440 5432
440 441 5363
441 442 2924
442 443 1295
443 444 7375
444 445 9425
445 446 2072
446 447 5147
447 448 4547
448 449 2708
449 450 6136
450 451 2577
451 452 9316
452 453 3752
453 454 5297
454 455 9973
455 456 5468
456 457 2677
457 458 7652
458 459 4405
459 460 4015
460 461 4157
461 462 2425
462 463 7594
463 464 2626
464 465 3391
465 466 9309
466 467 5796
467 468 5383
468 469 8137
469 470 7948
470 471 9316
471 472 4859
472 473 1491
473 474 8042
474 475 1376
475 476 6076
476 477 4035
477 478 3115
478 479 3056
479 480 7752
480 481 6147
481 482 5490
482 483 5830
483 484 7626
484 485 5473
485 486 5087
486 487 731
487 488 1440
488 489 2782
489 490 4376
490 491 5227
491 492 3020
492 493 8737
493 494 9188
494 495 2239
495 496 453
496 497 1317
497 498 7060
498 499 9165
499 500 9348
4 184 5972
8 89 8927
9 97 2139
11 191 5518
12 175 6758
13 190 3442
15 144 5668
16 75 9729
22 47 2822
23 282 5950
26 304 2138
28 47 794
29 154 6146
31 160 6466
33 427 3996
34 404 4933
42 271 1372
43 417 8324
45 105 5046
58 141 3227
60 222 5097
61 422 4646
62 376 3557
66 296 9673
76 203 7060
78 272 9095
83 288 5656
88 336 4661
92 149 297
94 485 9505
97 260 1383
102 486 7024
105 335 1213
107 318 8968
111 210 9078
113 379 82
115 302 3698
118 395 369
120 237 1082
121 471 1434
125 151 3521
129 238 5969
130 352 899
132 383 991
136 218 2463
137 422 8380
138 232 4760
139 379 2782
142 325 2495
144 371 8088
148 398 3909
149 279 5884
153 352 2382
161 388 7389
164 287 8102
165 213 9075
174 321 2740
175 303 7731
186 312 1631
187 257 202
191 324 9924
195 325 7211
196 434 2052
197 326 355
199 433 4180
201 319 461
208 232 3129
210 475 7673
212 230 5546
214 437 6355
215 367 9203
219 291 4667
220 356 7246
221 413 5054
223 411 20
226 427 553
235 330 8803
236 305 8339
238 281 6551
240 423 2820
241 364 6006
243 455 5181
248 450 9923
249 471 2764
251 398 5055
253 390 144
257 361 8616
261 347 4665
263 431 1948
266 442 7793
268 351 1502
272 388 1270
273 369 9071
278 394 8961
284 488 324
285 493 3139
286 451 545
289 485 5276
293 435 1778
295 403 7572
296 432 440
298 393 9372
299 500 8416
300 367 26
302 470 150
303 477 7202
306 436 9736
307 471 9290
311 409 8550
312 472 5244
316 342 3705
327 385 6855
329 371 8694
331 412 647
332 340 3819
340 498 9807
341 363 7999
343 465 2753
344 460 977
345 495 5972
347 463 5442
349 444 6113
351 449 9951
353 416 8431
354 439 7640
360 453 714
361 391 8114
362 449 4467
371 416 9490
373 499 420
374 480 4660
381 419 8220
390 492 6445
391 463 1659
393 415 2010
394 417 287
395 413 7606
400 496 8394
411 477 3515
414 476 340
415 499 4844
416 487 1080
418 477 558
419 448 9731
421 482 7133
422 436 329
429 498 7123
431 486 896
432 435 4180
433 445 4519
438 487 132
440 459 569
441 495 3273
444 499 7203
446 465 8113
448 461 6111
450 453 6852
453 470 733
457 496 2497
460 493 7785
462 474 3816
463 486 3509
465 487 6889
469 479 6999
472 478 5934
477 497 1927
478 499 3080
480 483 7276
481 494 3861
486 499 822
490 492 5911
