500 671
1 2 8208
2 3 9671
3 4 692
4 5 946
5 6 7686
6 7 1505
7 8 7729
8 9 7910
9 10 7035
10 11 6764
11 12 9463
12 13 8125
13 14 2278
14 15 6066
15 16 5636
16 17 3470
17 18 9756
18 19 8612
19 20 3781
20 21 7847
21 22 3254
22 23 5859
23 24 5008
24 25 4048
25 26 8600
26 27 8702
27 28 8944
28 29 5267
29 30 6280
30 31 9131
31 32 6308
32 33 1820
33 34 2475
34 35 3806
35 36 4970
36 37 7341
37 38 3984
38 39 4265
39 40 9401
40 41 5358
41 42 7686
42 43 4731
43 44 6298
44 45 532
45 46 8435
46 47 435
47 48 2216
48 49 6585
49 50 9053
50 51 8093
51 52 9204
52 53 778
53 54 7052
54 55 4740
55 56 5886
56 57 3291
57 58 4633
58 59 5493
59 60 3921
60 61 3876
61 62 4547
62 63 4107
63 64 2859
64 65 9742
65 66 1148
66 67 4877
67 68 753
68 69 1255
69 70 6079
70 71 3954
71 72 8022
72 73 2283
73 74 3928
74 75 4462
75 76 3146
76 77 7566
77 78 9475
78 79 2692
79 80 6179
80 81 6696
81 82 4152
82 83 8873
83 84 745
84 85 9713
85 86 2979
86 87 1621
87 88 9399
88 89 717
89 90 4219
90 91 4616
91 92 4454
92 93 5188
93 94 2174
94 95 1415
95 96 9207
96 97 3557
97 98 1630
98 99 5959
99 100 5804
100 101 2839
101 102 5651
102 103 9216
103 104 530
104 105 6253
105 106 1399
106 107 198
107 108 6876
108 109 9629
109 110 2382
110 111 6423
111 112 5738
112 113 3314
113 114 1212
114 115 2065
115 116 4519
116 117 1335
117 118 9036
118 119 6341
119 120 8938
120 121 4274
121 122 9934
122 123 2163
123 124 9585
124 125 9044
125 126 377
126 127 9192
127 128 6462
128 129 5047
129 130 2004
130 131 6050
131 132 728
132 133 1376
133 134 6144
134 135 3123
135 136 6905
136 137 7027
137 138 9992
138 139 1204
139 140 1725
140 141 7155
141 142 5392
142 143 7924
143 144 4950
144 145 9910
145 146 4202
146 147 1815
147 148 3434
148 149 4019
149 150 829
150 151 3635
151 152 6140
152 153 7446
153 154 4598
154 155 8045
155 156 4235
156 157 1960
157 158 5380
158 159 2210
159 160 1317
160 161 6823
161 162 8619
162 163 4691
163 164 8736
164 165 6613
165 166 2698
166 167 5657
167 168 7697
168 169 474
169 170 4365
170 171 4265
171 172 9684
172 173 5492
173 174 2974
174 175 5794
175 176 4227
176 177 550
177 178 5320
178 179 9983
179 180 2982
180 181 5838
181 182 4501
182 183 9935
183 184 6391
184 185 5658
185 186 7655
186 187 4525
187 188 1262
188 189 4572
189 190 8984
190 191 3095
191 192 1382
192 193 6479
193 194 2828
194 195 2755
195 196 5813
196 197 684
197 198 1095
198 199 6584
199 200 3104
200 201 1387
201 202 6504
202 203 9663
203 204 2446
204 205 9702
205 206 4633
206 207 7203
207 208 5186
208 209 9225
209 210 3001
210 211 1132
211 212 4312
212 213 8922
213 214 5380
214 215 831
215 216 783
216 217 5312
217 218 6870
218 219 1100
219 220 8654
220 221 8895
221 222 9250
222 223 891
223 224 461
224 225 9840
225 226 9399
226 227 7653
227 228 7760
228 229 1519
229 230 143
230 231 6535
231 232 1562
232 233 2568
233 234 8904
234 235 4072
235 236 1425
236 237 8469
237 238 7939
238 239 907
239 240 9012
240 241 6658
241 242 1837
242 243 1460
243 244 7224
244 245 2293
245 246 7439
246 247 531
247 248 6916
248 249 664
249 250 7029
250 251 2098
251 252 805
252 253 6532
253 254 8255
254 255 6305
255 256 1320
256 257 1223
257 258 4148
258 259 3195
259 260 2471
260 261 4887
261 262 6003
262 263 9076
263 264 3908
264 265 9385
265 266 3439
266 267 6309
267 268 2602
268 269 9631
269 270 6030
270 271 3276
271 272 6900
272 273 3354
273 274 765
274 275 2461
275 276 3317
276 277 5692
277 278 5906
278 279 189
279 280 6216
280 281 6561
281 282 4946
282 283 5338
283 284 9261
284 285 5110
285 286 6218
286 287 5710
287 288 678
288 289 5158
289 290 1396
290 291 6380
291 292 2879
292 293 1938
293 294 7124
294 295 140
295 296 3084
296 297 563
297 298 2733
298 299 3487
299 300 9512
300 301 9612
301 302 2444
302 303 6855
303 304 9879
304 305 461
305 306 4524
306 307 6881
307 308 2908
308 309 1939
309 310 5406
310 311 4181
311 312 6021
312 313 5895
313 314 1288
314 315 8787
315 316 3374
316 317 912
317 318 9246
318 319 1704
319 320 3129
320 321 4230
321 322 210
322 323 5862
323 324 4103
324 325 9015
325 326 8154
326 327 4341
327 328 8639
328 329 2474
329 330 4414
330 331 7908
331 332 8374
332 333 5842
333 334 7206
334 335 5557
335 336 7367
336 337 7333
337 338 6667
338 339 8062
339 340 9925
340 341 6214
341 342 3338
342 343 8317
343 344 6481
344 345 4108
345 346 8290
346 347 4606
347 348 2834
348 349 1118
349 350 5286
350 351 2909
351 352 2873
352 353 1950
353 354 2541
354 355 3059
355 356 8433
356 357 3126
357 358 6256
358 359 4114
359 360 1311
360 361 6509
361 362 7723
362 363 6462
363 364 2411
364 365 5988
365 366 7949
366 367 6182
367 368 3951
368 369 5240
369 370 6119
370 371 946
371 372 687
372 373 1957
373 374 1815
374 375 3023
375 376 7689
376 377 5269
377 378 1751
378 379 8593
379 380 1791
380 381 4606
381 382 3874
382 383 8970
383 384 598
384 385 2428
385 386 3879
386 387 923
387 388 480
388 389 8254
389 390 3841
390 391 7144
391 392 4836
392 393 1519
393 394 5001
394 395 6454
395 396 8358
396 397 1804
397 398 1160
398 399 9919
399 400 3513
400 401 2992
401 402 7321
402 403 2336
403 404 5330
404 405 1336
405 406 2407
406 407 7310
407 408 691
408 409 4772
409 410 8548
410 411 3746
411 412 3725
412 413 3692
413 414 804
414 415 4502
415 416 8669
416 417 3747
417 418 1911
418 419 6408
419 420 800
420 421 9653
421 422 3308
422 423 2689
423 424 3563
424 425 3568
425 426 2833
426 427 4998
427 428 8227
428 429 58
429 430 4590
430 431 8644
431 432 5954
432 433 740
433 434 5801
434 435 5476
435 436 3744
436 437 9236
437 438 4246
438 439 2306
439 440 9417
440 441 4524
441 442 8659
442 443 8178
443 444 1475
444 445 2532
445 446 4698
446 447 1880
447 448 8541
448 449 1530
449 450 3291
450 451 4090
451 452 8773
452 453 9348
453 454 3328
454 455 4381
455 456 6183
456 457 3666
457 458 1504
458 459 6303
459 460 6467
460 461 1091
461 462 5626
462 463 7248
463 464 6368
464 465 9487
465 466 2209
466 467 9612
467 468 2415
468 469 3107
469 470 755
470 471 1675
471 472 50
472 473 7082
473 474 4262
474 475 9976
475 476 4804
476 477 4479
477 478 2775
478 479 8240
479 480 9285
480 481 9389
481 482 9551
482 483 2176
483 484 9635
484 485 7023
485 486 9666
486 487 2951
487 488 1515
488 489 2781
489 490 7541
490 491 1044
491 492 5442
492 493 8535
493 494 5260
494 495 6969
495 496 9636
496 497 3449
497 498 3472
498 499 5890
499 500 3815
3 106 5932
10 402 9330
11 71 9098
15 195 4449
17 120 1838
19 408 6835
22 284 2199
25 174 7475
28 484 5234
31 371 6133
44 128 2630
46 231 6728
49 441 9584
51 463 2115
53 409 2271
54 69 6421
57 373 4879
61 384 3694
63 396 1340
64 166 4061
73 338 4371
79 134 2777
82 98 1275
83 92 2743
84 137 2010
85 456 3146
91 131 7480
93 499 4796
98 319 8279
103 141 2314
120 135 3879
123 296 7117
124 296 4725
127 456 8445
129 416 4953
131 294 8048
135 353 3106
137 290 5181
138 140 977
139 458 1049
140 341 1920
141 226 6279
143 383 1475
147 363 9674
148 160 3617
155 499 9068
156 439 6520
158 387 5539
159 183 1686
161 170 1350
162 359 9431
164 206 4860
167 211 5128
168 323 6162
172 387 4470
177 228 6137
183 357 9639
186 188 9196
189 265 2376
193 340 1715
197 281 9354
203 475 3955
205 445 2929
207 264 1634
211 458 1862
212 345 1080
213 291 3385
216 361 5152
221 382 6760
222 475 9171
225 395 7997
233 311 3673
236 377 4337
239 492 5916
243 433 5871
246 333 9310
248 262 9349
249 441 5176
250 298 1516
252 394 7035
256 322 1704
260 482 5571
261 342 3974
263 348 8712
266 485 2872
267 340 8417
268 273 6338
272 492 2354
279 339 6892
280 413 5199
281 336 8862
285 500 4579
286 350 7200
288 486 8190
289 432 3659
290 365 6239
292 294 8900
295 483 1481
296 480 3178
298 405 4674
301 483 3202
303 358 2473
306 429 7205
307 378 9068
308 434 6108
309 442 3323
311 473 2571
313 430 6328
314 356 2141
316 391 3139
327 495 5844
334 497 1361
338 357 8862
343 402 9645
346 402 3812
350 366 1689
353 410 9105
361 472 3141
363 437 3555
364 423 9448
366 385 2135
367 485 7497
368 476 8482
369 450 4143
373 468 2501
375 402 8119
377 442 7708
380 488 6369
381 478 6489
384 487 1332
387 432 2391
389 481 7179
393 474 5438
394 420 2665
398 414 1334
399 482 2502
401 416 7744
402 465 8584
404 436 7575
406 420 5602
408 433 7603
409 460 1241
411 445 1085
414 478 5887
415 499 2705
417 446 8461
419 468 9952
422 497 8294
425 480 9016
429 445 8324
430 439 483
432 448 4629
433 479 9356
436 442 991
438 449 1709
440 453 4053
445 498 1840
449 472 4477
450 462 1715
452 495 7346
453 496 7307
456 477 6311
464 487 8853
469 484 4089
475 500 1138
481 499 8205
484 488 7297
493 495 4428
494 496 1943
495 499 8949
496 499 3627
497 499 2077
